0 +32_NUM	1835	2	1
0 +32_NUM	1862	1	1
0 +32_NUM	1877	4	2
0 +32_NUM	1885	6	6
0 +32_NUM	1892	1	1
0 +32_NUM	1906	3	3
0 +32_NUM	1909	1	1
0 +32_NUM	1911	1	1
0 +32_NUM	1916	2	2
0 +32_NUM	1919	2	2
0 +32_NUM	1925	1	1
0 +32_NUM	1927	2	2
0 +32_NUM	1930	1	1
0 +32_NUM	1939	1	1
0 +32_NUM	1942	1	1
0 +32_NUM	1946	1	1
0 +32_NUM	1948	1	1
0 +32_NUM	1950	2	2
0 +32_NUM	1951	1	1
0 +32_NUM	1953	1	1
0 +32_NUM	1954	1	1
0 +32_NUM	1955	2	2
0 +32_NUM	1956	1	1
0 +32_NUM	1957	1	1
0 +32_NUM	1959	1	1
0 +32_NUM	1962	2	2
0 +32_NUM	1963	1	1
0 +32_NUM	1968	3	3
0 +32_NUM	1972	1	1
0 +32_NUM	1977	1	1
0 +32_NUM	1979	1	1
0 +32_NUM	1980	2	2
0 +32_NUM	1981	2	1
0 +32_NUM	1984	1	1
0 +32_NUM	1986	1	1
0 +32_NUM	1989	1	1
0 +32_NUM	1990	1	1
0 +32_NUM	1992	2	2
0 +32_NUM	1993	1	1
0 +32_NUM	1994	1	1
0 +32_NUM	1995	3	3
0 +32_NUM	1997	1	1
0 +32_NUM	1998	2	2
0 +32_NUM	1999	1	1
0 +32_NUM	2000	2	2
0 +32_NUM	2001	1	1
0 +32_NUM	2002	1	1
0 +32_NUM	2004	1	1
0 +32_NUM	2006	2	2
0 +32_NUM	2007	3	3
0 -0.500	1926	1	1
0 -0.500	1927	1	1
0 -0.500	1930	1	1
0 -0.500	1938	2	2
0 -0.500	1944	2	2
0 -0.500	1948	4	3
0 -0.500	1952	1	1
0 -0.500	1957	1	1
0 -0.500	1959	2	2
0 -0.500	1960	2	2
0 -0.500	1966	9	3
0 -0.500	1969	3	1
0 -0.500	1970	1	1
0 -0.500	1972	1	1
0 -0.500	1973	1	1
0 -0.500	1974	1	1
0 -0.500	1976	3	2
0 -0.500	1977	3	2
0 -0.500	1978	5	1
0 -0.500	1979	4	3
0 -0.500	1982	2	2
0 -0.500	1984	11	1
0 -0.500	1985	2	2
0 -0.500	1986	5	5
0 -0.500	1988	1	1
0 -0.500	1990	4	1
0 -0.500	1991	3	3
0 -0.500	1992	1	1
0 -0.500	1993	2	2
0 -0.500	1995	9	4
0 -0.500	1998	1	1
0 -0.500	2000	1	1
0 -0.500	2001	1	1
0 -0.500	2002	2	2
0 -0.500	2003	1	1
0 -0.500	2004	1	1
0 -0.500	2006	1	1
0 -1.0_X	1915	1	1
0 -1.0_X	1916	1	1
0 -1.0_X	1924	1	1
0 -1.0_X	1928	1	1
0 -1.0_X	1932	6	2
0 -1.0_X	1937	2	2
0 -1.0_X	1940	1	1
0 -1.0_X	1946	1	1
0 -1.0_X	1949	3	3
0 -1.0_X	1950	1	1
0 -1.0_X	1951	2	2
0 -1.0_X	1952	1	1
0 -1.0_X	1953	5	4
0 -1.0_X	1954	1	1
0 -1.0_X	1955	2	2
0 -1.0_X	1956	1	1
0 -1.0_X	1957	2	1
0 -1.0_X	1958	2	1
0 -1.0_X	1959	4	4
0 -1.0_X	1960	3	3
0 -1.0_X	1961	2	2
0 -1.0_X	1962	2	2
0 -1.0_X	1963	3	3
0 -1.0_X	1964	3	3
0 -1.0_X	1965	9	9
0 -1.0_X	1966	1	1
0 -1.0_X	1967	16	14
0 -1.0_X	1968	9	8
0 -1.0_X	1969	12	8
0 -1.0_X	1970	9	6
0 -1.0_X	1971	7	7
0 -1.0_X	1972	9	9
0 -1.0_X	1973	6	5
0 -1.0_X	1974	5	5
0 -1.0_X	1975	6	5
0 -1.0_X	1976	8	7
0 -1.0_X	1977	12	10
0 -1.0_X	1978	15	10
0 -1.0_X	1979	8	5
0 -1.0_X	1980	13	13
0 -1.0_X	1981	14	12
0 -1.0_X	1982	13	10
0 -1.0_X	1983	10	8
0 -1.0_X	1984	11	7
0 -1.0_X	1985	6	6
0 -1.0_X	1986	8	7
0 -1.0_X	1987	21	16
0 -1.0_X	1988	14	14
0 -1.0_X	1989	12	11
0 -1.0_X	1990	10	8
0 -1.0_X	1991	15	11
0 -1.0_X	1992	18	17
0 -1.0_X	1993	11	9
0 -1.0_X	1994	12	10
0 -1.0_X	1995	9	8
0 -1.0_X	1996	9	8
0 -1.0_X	1997	7	7
0 -1.0_X	1998	14	12
0 -1.0_X	1999	18	9
0 -1.0_X	2000	6	6
0 -1.0_X	2001	19	15
0 -1.0_X	2002	7	7
0 -1.0_X	2003	9	9
0 -1.0_X	2004	17	16
0 -1.0_X	2005	7	6
0 -1.0_X	2006	22	19
0 -1.0_X	2007	9	7
0 -1.0_X	2008	8	7
0 .011_NUM	1881	2	1
0 .011_NUM	1883	1	1
0 .011_NUM	1915	2	2
0 .011_NUM	1916	1	1
0 .011_NUM	1917	1	1
0 .011_NUM	1918	3	2
0 .011_NUM	1920	1	1
0 .011_NUM	1922	1	1
0 .011_NUM	1924	1	1
0 .011_NUM	1926	1	1
0 .011_NUM	1927	1	1
0 .011_NUM	1928	2	2
0 .011_NUM	1930	2	1
0 .011_NUM	1932	1	1
0 .011_NUM	1934	4	2
0 .011_NUM	1935	1	1
0 .011_NUM	1940	3	2
0 .011_NUM	1942	3	3
0 .011_NUM	1943	1	1
0 .011_NUM	1944	1	1
0 .011_NUM	1947	2	2
0 .011_NUM	1950	1	1
0 .011_NUM	1951	1	1
0 .011_NUM	1953	3	3
0 .011_NUM	1956	1	1
0 .011_NUM	1957	1	1
0 .011_NUM	1959	2	2
0 .011_NUM	1960	1	1
0 .011_NUM	1962	3	2
0 .011_NUM	1963	2	2
0 .011_NUM	1964	8	4
0 .011_NUM	1965	4	2
0 .011_NUM	1966	1	1
0 .011_NUM	1967	2	1
0 .011_NUM	1969	2	2
0 .011_NUM	1970	3	2
0 .011_NUM	1971	18	10
0 .011_NUM	1972	11	7
0 .011_NUM	1973	11	8
0 .011_NUM	1974	5	3
0 .011_NUM	1975	5	3
0 .011_NUM	1976	5	5
0 .011_NUM	1977	7	6
0 .011_NUM	1978	1	1
0 .011_NUM	1979	8	6
0 .011_NUM	1980	4	2
0 .011_NUM	1981	3	2
0 .011_NUM	1982	6	6
0 .011_NUM	1983	3	3
0 .011_NUM	1984	14	8
0 .011_NUM	1985	7	4
0 .011_NUM	1986	5	4
0 .011_NUM	1987	19	7
0 .011_NUM	1988	4	4
0 .011_NUM	1989	7	7
0 .011_NUM	1990	7	6
0 .011_NUM	1991	7	6
0 .011_NUM	1992	2	2
0 .011_NUM	1993	7	6
0 .011_NUM	1994	4	4
0 .011_NUM	1995	8	5
0 .011_NUM	1996	6	5
0 .011_NUM	1997	2	2
0 .011_NUM	1998	1	1
0 .011_NUM	1999	3	3
0 .011_NUM	2000	5	5
0 .011_NUM	2001	3	2
0 .011_NUM	2002	4	3
0 .011_NUM	2003	3	2
0 .011_NUM	2004	19	4
0 .011_NUM	2005	8	5
0 .011_NUM	2006	4	3
0 .011_NUM	2007	7	5
0 .011_NUM	2008	3	3
0 .160_NUM	1790	1	1
0 .160_NUM	1908	1	1
0 .160_NUM	1917	1	1
0 .160_NUM	1919	1	1
0 .160_NUM	1922	4	3
0 .160_NUM	1927	2	2
0 .160_NUM	1928	1	1
0 .160_NUM	1938	1	1
0 .160_NUM	1939	1	1
0 .160_NUM	1940	1	1
0 .160_NUM	1947	1	1
0 .160_NUM	1949	4	2
0 .160_NUM	1953	1	1
0 .160_NUM	1960	1	1
0 .160_NUM	1962	1	1
0 .160_NUM	1963	2	1
0 .160_NUM	1966	4	3
0 .160_NUM	1967	4	4
0 .160_NUM	1968	1	1
0 .160_NUM	1969	1	1
0 .160_NUM	1970	4	3
0 .160_NUM	1971	3	1
0 .160_NUM	1974	2	2
0 .160_NUM	1975	5	3
0 .160_NUM	1976	2	2
0 .160_NUM	1977	5	5
0 .160_NUM	1979	5	5
0 .160_NUM	1980	4	3
0 .160_NUM	1981	1	1
0 .160_NUM	1982	1	1
0 .160_NUM	1983	2	2
0 .160_NUM	1984	17	6
0 .160_NUM	1985	3	3
0 .160_NUM	1986	1	1
0 .160_NUM	1988	3	2
0 .160_NUM	1990	8	6
0 .160_NUM	1991	1	1
0 .160_NUM	1992	4	4
0 .160_NUM	1993	7	6
0 .160_NUM	1994	4	4
0 .160_NUM	1995	1	1
0 .160_NUM	1999	3	2
0 .160_NUM	2000	2	2
0 .160_NUM	2001	3	2
0 .160_NUM	2002	2	1
0 .160_NUM	2003	7	4
0 .160_NUM	2004	1	1
0 .160_NUM	2005	4	4
0 .160_NUM	2006	2	1
0 .160_NUM	2007	1	1
0 .160_NUM	2008	1	1
0 .187	1905	1	1
0 .187	1929	1	1
0 .187	1932	2	2
0 .187	1960	1	1
0 .187	1965	2	2
0 .187	1970	1	1
0 .187	1971	2	2
0 .187	1972	1	1
0 .187	1973	1	1
0 .187	1974	1	1
0 .187	1976	2	2
0 .187	1978	1	1
0 .187	1980	1	1
0 .187	1982	1	1
0 .187	1984	2	2
0 .187	1985	1	1
0 .187	1987	4	3
0 .187	1989	3	3
0 .187	1990	2	2
0 .187	1991	2	2
0 .187	1992	1	1
0 .187	1993	1	1
0 .187	1994	3	3
0 .187	1995	2	2
0 .187	1999	1	1
0 .187	2000	1	1
0 .187	2001	1	1
0 .187	2002	2	2
0 .65_NUM	1865	1	1
0 .65_NUM	1892	1	1
0 .65_NUM	1904	1	1
0 .65_NUM	1906	1	1
0 .65_NUM	1908	1	1
0 .65_NUM	1909	1	1
0 .65_NUM	1914	2	2
0 .65_NUM	1916	2	2
0 .65_NUM	1922	1	1
0 .65_NUM	1923	1	1
0 .65_NUM	1924	2	2
0 .65_NUM	1927	1	1
0 .65_NUM	1929	2	2
0 .65_NUM	1930	1	1
0 .65_NUM	1931	1	1
0 .65_NUM	1933	2	2
0 .65_NUM	1934	2	2
0 .65_NUM	1935	4	3
0 .65_NUM	1937	2	2
0 .65_NUM	1938	4	2
0 .65_NUM	1940	2	2
0 .65_NUM	1941	3	3
0 .65_NUM	1942	1	1
0 .65_NUM	1943	1	1
0 .65_NUM	1944	4	4
0 .65_NUM	1946	3	3
0 .65_NUM	1947	4	3
0 .65_NUM	1949	6	4
0 .65_NUM	1950	3	3
0 .65_NUM	1951	1	1
0 .65_NUM	1952	1	1
0 .65_NUM	1953	1	1
0 .65_NUM	1954	1	1
0 .65_NUM	1955	1	1
0 .65_NUM	1956	2	2
0 .65_NUM	1958	1	1
0 .65_NUM	1959	3	3
0 .65_NUM	1960	2	2
0 .65_NUM	1961	4	4
0 .65_NUM	1962	2	2
0 .65_NUM	1963	4	4
0 .65_NUM	1964	1	1
0 .65_NUM	1965	1	1
0 .65_NUM	1966	39	4
0 .65_NUM	1967	3	3
0 .65_NUM	1968	6	5
0 .65_NUM	1969	4	4
0 .65_NUM	1970	8	7
0 .65_NUM	1971	2	2
0 .65_NUM	1972	4	2
0 .65_NUM	1973	5	5
0 .65_NUM	1974	18	10
0 .65_NUM	1976	4	3
0 .65_NUM	1977	7	6
0 .65_NUM	1978	2	2
0 .65_NUM	1979	11	6
0 .65_NUM	1980	4	4
0 .65_NUM	1981	6	5
0 .65_NUM	1982	6	6
0 .65_NUM	1983	6	6
0 .65_NUM	1984	7	7
0 .65_NUM	1985	2	2
0 .65_NUM	1986	5	4
0 .65_NUM	1987	14	13
0 .65_NUM	1988	10	5
0 .65_NUM	1989	2	2
0 .65_NUM	1990	4	4
0 .65_NUM	1991	2	2
0 .65_NUM	1992	3	3
0 .65_NUM	1993	6	3
0 .65_NUM	1994	1	1
0 .65_NUM	1995	6	4
0 .65_NUM	1996	2	2
0 .65_NUM	1997	5	3
0 .65_NUM	1998	6	6
0 .65_NUM	1999	4	4
0 .65_NUM	2000	7	7
0 .65_NUM	2001	4	4
0 .65_NUM	2002	4	4
0 .65_NUM	2003	4	4
0 .65_NUM	2004	3	3
0 .65_NUM	2005	3	3
0 .65_NUM	2006	3	3
0 .65_NUM	2007	4	4
0 .65_NUM	2008	3	1
0 0-27	1887	1	1
0 0-27	1900	1	1
0 0-27	1902	1	1
0 0-27	1904	4	4
0 0-27	1909	1	1
0 0-27	1912	1	1
0 0-27	1916	1	1
0 0-27	1919	1	1
0 0-27	1939	1	1
0 0-27	1941	1	1
0 0-27	1944	1	1
0 0-27	1951	1	1
0 0-27	1953	1	1
0 0-27	1955	2	2
0 0-27	1956	2	2
0 0-27	1960	1	1
0 0-27	1964	2	2
0 0-27	1965	3	3
0 0-27	1966	2	2
0 0-27	1968	1	1
0 0-27	1969	8	4
0 0-27	1971	9	5
0 0-27	1972	2	2
0 0-27	1974	1	1
0 0-27	1976	2	2
0 0-27	1977	2	2
0 0-27	1979	2	2
0 0-27	1988	1	1
0 0-27	1989	1	1
0 0-27	1991	2	2
0 0-27	1992	1	1
0 0-27	1999	1	1
0 0-27	2002	1	1
0 0-27	2003	5	2
0 0-27	2004	1	1
0 0-27	2005	1	1
0 0-27	2007	1	1
0 0.00002	1889	1	1
0 0.00002	1901	2	2
0 0.00002	1907	1	1
0 0.00002	1926	1	1
0 0.00002	1931	2	1
0 0.00002	1934	1	1
0 0.00002	1942	1	1
0 0.00002	1944	4	1
0 0.00002	1949	1	1
0 0.00002	1951	1	1
0 0.00002	1956	4	1
0 0.00002	1960	1	1
0 0.00002	1962	1	1
0 0.00002	1963	2	2
0 0.00002	1965	1	1
0 0.00002	1966	1	1
0 0.00002	1967	1	1
0 0.00002	1968	2	2
0 0.00002	1969	1	1
0 0.00002	1970	6	3
0 0.00002	1971	1	1
0 0.00002	1975	1	1
0 0.00002	1976	2	2
0 0.00002	1977	2	2
0 0.00002	1978	6	6
0 0.00002	1979	1	1
0 0.00002	1982	1	1
0 0.00002	1983	2	2
0 0.00002	1985	2	2
0 0.00002	1988	3	3
0 0.00002	1993	2	2
0 0.00002	1996	2	2
0 0.00002	1997	1	1
0 0.00002	1998	2	2
0 0.00002	1999	5	4
0 0.00002	2000	3	3
0 0.00002	2001	3	3
0 0.00002	2002	7	7
0 0.00002	2003	1	1
0 0.00002	2004	7	6
0 0.00002	2005	5	5
0 0.00002	2006	8	7
0 0.00002	2007	7	7
0 0.00002	2008	8	7
0 0.0025_NUM	1901	1	1
0 0.0025_NUM	1906	3	1
0 0.0025_NUM	1909	2	2
0 0.0025_NUM	1910	4	2
0 0.0025_NUM	1911	1	1
0 0.0025_NUM	1912	2	2
0 0.0025_NUM	1919	1	1
0 0.0025_NUM	1926	1	1
0 0.0025_NUM	1938	1	1
0 0.0025_NUM	1939	4	1
0 0.0025_NUM	1941	1	1
0 0.0025_NUM	1945	1	1
0 0.0025_NUM	1948	1	1
0 0.0025_NUM	1949	2	2
0 0.0025_NUM	1950	1	1
0 0.0025_NUM	1951	1	1
0 0.0025_NUM	1953	1	1
0 0.0025_NUM	1954	1	1
0 0.0025_NUM	1955	1	1
0 0.0025_NUM	1956	3	2
0 0.0025_NUM	1959	7	7
0 0.0025_NUM	1960	6	3
0 0.0025_NUM	1961	6	4
0 0.0025_NUM	1962	2	2
0 0.0025_NUM	1963	1	1
0 0.0025_NUM	1964	1	1
0 0.0025_NUM	1965	2	2
0 0.0025_NUM	1966	3	3
0 0.0025_NUM	1967	4	4
0 0.0025_NUM	1968	3	3
0 0.0025_NUM	1969	6	6
0 0.0025_NUM	1970	4	4
0 0.0025_NUM	1971	3	3
0 0.0025_NUM	1972	1	1
0 0.0025_NUM	1973	3	3
0 0.0025_NUM	1974	2	2
0 0.0025_NUM	1975	5	2
0 0.0025_NUM	1976	4	4
0 0.0025_NUM	1977	5	4
0 0.0025_NUM	1978	3	3
0 0.0025_NUM	1979	3	3
0 0.0025_NUM	1980	2	2
0 0.0025_NUM	1981	2	2
0 0.0025_NUM	1982	3	3
0 0.0025_NUM	1984	8	8
0 0.0025_NUM	1985	9	6
0 0.0025_NUM	1986	5	5
0 0.0025_NUM	1987	3	3
0 0.0025_NUM	1988	7	6
0 0.0025_NUM	1989	3	3
0 0.0025_NUM	1990	6	5
0 0.0025_NUM	1991	6	6
0 0.0025_NUM	1992	5	5
0 0.0025_NUM	1993	11	8
0 0.0025_NUM	1994	4	4
0 0.0025_NUM	1995	12	9
0 0.0025_NUM	1996	5	5
0 0.0025_NUM	1997	12	9
0 0.0025_NUM	1998	7	6
0 0.0025_NUM	1999	2	2
0 0.0025_NUM	2000	15	13
0 0.0025_NUM	2001	8	7
0 0.0025_NUM	2002	12	7
0 0.0025_NUM	2003	14	12
0 0.0025_NUM	2004	13	10
0 0.0025_NUM	2005	12	10
0 0.0025_NUM	2006	24	21
0 0.0025_NUM	2007	21	19
0 0.0025_NUM	2008	9	9
0 0.111	1896	1	1
0 0.111	1917	1	1
0 0.111	1927	1	1
0 0.111	1931	1	1
0 0.111	1943	1	1
0 0.111	1947	3	3
0 0.111	1949	1	1
0 0.111	1954	4	4
0 0.111	1956	1	1
0 0.111	1957	2	2
0 0.111	1958	1	1
0 0.111	1959	5	5
0 0.111	1960	5	5
0 0.111	1961	1	1
0 0.111	1962	6	3
0 0.111	1963	6	2
0 0.111	1964	1	1
0 0.111	1966	5	3
0 0.111	1967	1	1
0 0.111	1968	3	3
0 0.111	1969	5	5
0 0.111	1970	1	1
0 0.111	1971	1	1
0 0.111	1972	4	4
0 0.111	1973	2	2
0 0.111	1974	1	1
0 0.111	1975	2	2
0 0.111	1976	6	6
0 0.111	1977	5	5
0 0.111	1979	13	11
0 0.111	1980	7	7
0 0.111	1981	4	4
0 0.111	1982	3	3
0 0.111	1983	1	1
0 0.111	1984	5	5
0 0.111	1985	6	6
0 0.111	1986	5	5
0 0.111	1987	2	2
0 0.111	1988	9	5
0 0.111	1989	6	6
0 0.111	1990	9	6
0 0.111	1991	9	6
0 0.111	1992	10	6
0 0.111	1993	17	6
0 0.111	1994	12	4
0 0.111	1995	17	7
0 0.111	1996	5	5
0 0.111	1997	18	6
0 0.111	1998	4	4
0 0.111	1999	14	13
0 0.111	2000	12	10
0 0.111	2001	8	8
0 0.111	2002	4	4
0 0.111	2003	16	11
0 0.111	2004	6	6
0 0.111	2005	14	13
0 0.111	2006	22	13
0 0.111	2007	18	12
0 0.111	2008	6	6
0 0.329_NUM	1938	1	1
0 0.329_NUM	1942	2	2
0 0.329_NUM	1956	1	1
0 0.329_NUM	1957	1	1
0 0.329_NUM	1959	2	2
0 0.329_NUM	1964	1	1
0 0.329_NUM	1965	2	2
0 0.329_NUM	1970	1	1
0 0.329_NUM	1972	1	1
0 0.329_NUM	1973	3	3
0 0.329_NUM	1983	2	2
0 0.329_NUM	1984	1	1
0 0.329_NUM	1985	1	1
0 0.329_NUM	1986	1	1
0 0.329_NUM	1987	1	1
0 0.329_NUM	1988	2	2
0 0.329_NUM	1990	2	2
0 0.329_NUM	1991	1	1
0 0.329_NUM	1992	1	1
0 0.329_NUM	1994	3	3
0 0.329_NUM	1995	3	3
0 0.329_NUM	1996	1	1
0 0.329_NUM	1997	2	2
0 0.329_NUM	1998	1	1
0 0.329_NUM	1999	1	1
0 0.329_NUM	2000	1	1
0 0.329_NUM	2004	3	3
0 0.329_NUM	2005	2	2
0 0.329_NUM	2006	5	3
0 0.329_NUM	2007	7	7
0 0.329_NUM	2008	2	2
0 0000001	1818	1	1
0 0000001	1857	1	1
0 0000001	1873	1	1
0 0000001	1894	1	1
0 0000001	1897	1	1
0 0000001	1906	1	1
0 0000001	1907	4	4
0 0000001	1908	4	2
0 0000001	1910	3	3
0 0000001	1913	1	1
0 0000001	1915	3	2
0 0000001	1916	1	1
0 0000001	1921	1	1
0 0000001	1922	1	1
0 0000001	1924	1	1
0 0000001	1925	1	1
0 0000001	1926	1	1
0 0000001	1931	1	1
0 0000001	1933	3	3
0 0000001	1935	3	3
0 0000001	1936	1	1
0 0000001	1937	3	3
0 0000001	1938	1	1
0 0000001	1939	1	1
0 0000001	1943	1	1
0 0000001	1944	1	1
0 0000001	1946	1	1
0 0000001	1947	1	1
0 0000001	1949	7	5
0 0000001	1951	1	1
0 0000001	1952	1	1
0 0000001	1953	2	1
0 0000001	1955	2	2
0 0000001	1956	1	1
0 0000001	1960	5	3
0 0000001	1961	4	4
0 0000001	1962	4	4
0 0000001	1963	3	2
0 0000001	1964	3	2
0 0000001	1965	6	5
0 0000001	1966	6	2
0 0000001	1967	2	2
0 0000001	1968	6	5
0 0000001	1969	3	3
0 0000001	1970	3	3
0 0000001	1971	3	3
0 0000001	1972	2	2
0 0000001	1973	3	3
0 0000001	1974	2	2
0 0000001	1975	2	2
0 0000001	1976	8	3
0 0000001	1977	1	1
0 0000001	1978	2	2
0 0000001	1979	9	8
0 0000001	1980	8	5
0 0000001	1981	2	2
0 0000001	1982	3	3
0 0000001	1983	2	2
0 0000001	1984	8	8
0 0000001	1985	6	6
0 0000001	1986	3	2
0 0000001	1987	15	9
0 0000001	1988	3	3
0 0000001	1989	7	6
0 0000001	1990	4	4
0 0000001	1991	6	6
0 0000001	1992	4	4
0 0000001	1993	5	4
0 0000001	1994	6	6
0 0000001	1995	12	12
0 0000001	1996	3	3
0 0000001	1997	12	6
0 0000001	1998	5	5
0 0000001	1999	92	10
0 0000001	2000	6	6
0 0000001	2001	20	14
0 0000001	2002	9	6
0 0000001	2003	10	9
0 0000001	2004	23	9
0 0000001	2005	18	14
0 0000001	2006	11	9
0 0000001	2007	21	18
0 0000001	2008	10	6
0 0005_NUM	1832	3	1
0 0005_NUM	1852	1	1
0 0005_NUM	1854	5	4
0 0005_NUM	1857	5	5
0 0005_NUM	1858	1	1
0 0005_NUM	1860	4	2
0 0005_NUM	1864	1	1
0 0005_NUM	1865	5	3
0 0005_NUM	1867	1	1
0 0005_NUM	1868	2	2
0 0005_NUM	1869	1	1
0 0005_NUM	1870	1	1
0 0005_NUM	1872	4	4
0 0005_NUM	1873	4	3
0 0005_NUM	1874	1	1
0 0005_NUM	1875	1	1
0 0005_NUM	1877	1	1
0 0005_NUM	1879	3	3
0 0005_NUM	1880	1	1
0 0005_NUM	1881	8	3
0 0005_NUM	1882	3	1
0 0005_NUM	1883	1	1
0 0005_NUM	1885	1	1
0 0005_NUM	1886	1	1
0 0005_NUM	1888	3	3
0 0005_NUM	1889	1	1
0 0005_NUM	1890	1	1
0 0005_NUM	1891	6	5
0 0005_NUM	1893	4	4
0 0005_NUM	1894	7	4
0 0005_NUM	1896	5	5
0 0005_NUM	1897	3	3
0 0005_NUM	1898	9	5
0 0005_NUM	1899	2	2
0 0005_NUM	1900	1	1
0 0005_NUM	1901	8	4
0 0005_NUM	1902	12	8
0 0005_NUM	1903	19	14
0 0005_NUM	1904	4	4
0 0005_NUM	1905	8	5
0 0005_NUM	1906	4	3
0 0005_NUM	1907	10	8
0 0005_NUM	1908	17	9
0 0005_NUM	1909	4	3
0 0005_NUM	1910	8	7
0 0005_NUM	1911	9	8
0 0005_NUM	1912	43	17
0 0005_NUM	1913	16	11
0 0005_NUM	1914	22	10
0 0005_NUM	1915	8	7
0 0005_NUM	1916	20	12
0 0005_NUM	1917	9	7
0 0005_NUM	1918	11	11
0 0005_NUM	1919	6	5
0 0005_NUM	1920	24	15
0 0005_NUM	1921	23	13
0 0005_NUM	1922	19	14
0 0005_NUM	1923	14	10
0 0005_NUM	1924	22	16
0 0005_NUM	1925	6	5
0 0005_NUM	1926	15	12
0 0005_NUM	1927	43	14
0 0005_NUM	1928	28	8
0 0005_NUM	1929	44	19
0 0005_NUM	1930	51	11
0 0005_NUM	1931	14	10
0 0005_NUM	1932	22	13
0 0005_NUM	1933	18	13
0 0005_NUM	1934	47	7
0 0005_NUM	1935	14	14
0 0005_NUM	1936	50	19
0 0005_NUM	1937	32	19
0 0005_NUM	1938	21	17
0 0005_NUM	1939	27	14
0 0005_NUM	1940	173	24
0 0005_NUM	1941	29	13
0 0005_NUM	1942	29	19
0 0005_NUM	1943	38	19
0 0005_NUM	1944	33	8
0 0005_NUM	1945	55	11
0 0005_NUM	1946	11	10
0 0005_NUM	1947	21	15
0 0005_NUM	1948	93	30
0 0005_NUM	1949	28	19
0 0005_NUM	1950	53	29
0 0005_NUM	1951	59	30
0 0005_NUM	1952	37	17
0 0005_NUM	1953	60	29
0 0005_NUM	1954	57	20
0 0005_NUM	1955	34	22
0 0005_NUM	1956	29	22
0 0005_NUM	1957	41	23
0 0005_NUM	1958	45	30
0 0005_NUM	1959	41	32
0 0005_NUM	1960	66	36
0 0005_NUM	1961	66	30
0 0005_NUM	1962	79	61
0 0005_NUM	1963	82	45
0 0005_NUM	1964	98	62
0 0005_NUM	1965	62	47
0 0005_NUM	1966	101	47
0 0005_NUM	1967	76	51
0 0005_NUM	1968	104	70
0 0005_NUM	1969	78	43
0 0005_NUM	1970	62	40
0 0005_NUM	1971	80	52
0 0005_NUM	1972	105	61
0 0005_NUM	1973	74	45
0 0005_NUM	1974	71	50
0 0005_NUM	1975	50	45
0 0005_NUM	1976	76	45
0 0005_NUM	1977	51	37
0 0005_NUM	1978	66	36
0 0005_NUM	1979	42	29
0 0005_NUM	1980	45	31
0 0005_NUM	1981	32	27
0 0005_NUM	1982	50	40
0 0005_NUM	1983	37	33
0 0005_NUM	1984	50	37
0 0005_NUM	1985	34	28
0 0005_NUM	1986	44	36
0 0005_NUM	1987	35	26
0 0005_NUM	1988	47	34
0 0005_NUM	1989	60	39
0 0005_NUM	1990	40	32
0 0005_NUM	1991	47	27
0 0005_NUM	1992	53	36
0 0005_NUM	1993	26	20
0 0005_NUM	1994	37	21
0 0005_NUM	1995	35	27
0 0005_NUM	1996	39	32
0 0005_NUM	1997	35	27
0 0005_NUM	1998	55	38
0 0005_NUM	1999	39	27
0 0005_NUM	2000	74	43
0 0005_NUM	2001	50	33
0 0005_NUM	2002	50	39
0 0005_NUM	2003	62	45
0 0005_NUM	2004	61	50
0 0005_NUM	2005	57	40
0 0005_NUM	2006	92	26
0 0005_NUM	2007	96	64
0 0005_NUM	2008	49	36
0 00189	1907	1	1
0 00189	1908	1	1
0 00189	1911	1	1
0 00189	1912	2	2
0 00189	1914	6	3
0 00189	1923	2	2
0 00189	1924	2	2
0 00189	1925	1	1
0 00189	1926	1	1
0 00189	1929	3	3
0 00189	1932	4	3
0 00189	1940	1	1
0 00189	1943	1	1
0 00189	1949	1	1
0 00189	1951	1	1
0 00189	1956	2	2
0 00189	1957	3	3
0 00189	1960	3	3
0 00189	1965	1	1
0 00189	1967	1	1
0 00189	1971	1	1
0 00189	1974	1	1
0 00189	1975	1	1
0 00189	1980	3	3
0 00189	1981	1	1
0 00189	1984	3	2
0 00189	1986	1	1
0 00189	1988	1	1
0 00189	1989	1	1
0 00189	1995	1	1
0 00189	1997	1	1
0 00189	1998	1	1
0 00189	2002	1	1
0 00189	2005	1	1
0 001_.	1857	1	1
0 001_.	1872	1	1
0 001_.	1875	1	1
0 001_.	1880	1	1
0 001_.	1903	2	2
0 001_.	1912	1	1
0 001_.	1913	2	2
0 001_.	1916	1	1
0 001_.	1917	5	4
0 001_.	1922	2	2
0 001_.	1924	1	1
0 001_.	1926	3	3
0 001_.	1927	1	1
0 001_.	1929	1	1
0 001_.	1931	1	1
0 001_.	1932	2	1
0 001_.	1934	1	1
0 001_.	1935	1	1
0 001_.	1936	1	1
0 001_.	1937	3	3
0 001_.	1939	2	2
0 001_.	1940	1	1
0 001_.	1941	1	1
0 001_.	1942	2	1
0 001_.	1943	1	1
0 001_.	1944	1	1
0 001_.	1945	1	1
0 001_.	1947	2	2
0 001_.	1948	5	4
0 001_.	1949	3	3
0 001_.	1950	2	2
0 001_.	1952	2	2
0 001_.	1954	3	3
0 001_.	1955	4	4
0 001_.	1956	4	4
0 001_.	1957	2	2
0 001_.	1958	2	2
0 001_.	1959	3	3
0 001_.	1960	4	4
0 001_.	1961	5	5
0 001_.	1962	9	7
0 001_.	1963	4	4
0 001_.	1964	4	4
0 001_.	1965	8	7
0 001_.	1966	13	13
0 001_.	1967	10	10
0 001_.	1968	9	8
0 001_.	1969	12	12
0 001_.	1970	6	6
0 001_.	1971	12	12
0 001_.	1972	20	17
0 001_.	1973	26	18
0 001_.	1974	11	9
0 001_.	1975	11	10
0 001_.	1976	17	12
0 001_.	1977	13	11
0 001_.	1978	10	7
0 001_.	1979	9	8
0 001_.	1980	24	7
0 001_.	1981	8	7
0 001_.	1982	11	11
0 001_.	1983	10	10
0 001_.	1984	9	9
0 001_.	1985	22	7
0 001_.	1986	4	4
0 001_.	1987	11	11
0 001_.	1988	7	7
0 001_.	1989	11	9
0 001_.	1990	11	11
0 001_.	1991	6	6
0 001_.	1992	4	3
0 001_.	1993	16	11
0 001_.	1994	15	9
0 001_.	1995	12	10
0 001_.	1996	12	10
0 001_.	1997	6	6
0 001_.	1998	12	11
0 001_.	1999	8	7
0 001_.	2000	3	3
0 001_.	2001	11	10
0 001_.	2002	6	6
0 001_.	2003	5	5
0 001_.	2004	5	4
0 001_.	2005	4	4
0 001_.	2006	5	5
0 001_.	2007	12	12
0 001_.	2008	9	9
0 00:00_NUM	1911	1	1
0 00:00_NUM	1924	1	1
0 00:00_NUM	1927	1	1
0 00:00_NUM	1953	2	2
0 00:00_NUM	1962	3	2
0 00:00_NUM	1963	1	1
0 00:00_NUM	1969	2	2
0 00:00_NUM	1974	1	1
0 00:00_NUM	1979	1	1
0 00:00_NUM	1980	1	1
0 00:00_NUM	1983	1	1
0 00:00_NUM	1985	3	1
0 00:00_NUM	1986	2	1
0 00:00_NUM	1987	4	2
0 00:00_NUM	1988	1	1
0 00:00_NUM	1990	3	2
0 00:00_NUM	1991	2	2
0 00:00_NUM	1992	1	1
0 00:00_NUM	1994	3	3
0 00:00_NUM	1995	12	5
0 00:00_NUM	1996	11	5
0 00:00_NUM	1997	9	5
0 00:00_NUM	1998	12	11
0 00:00_NUM	1999	16	13
0 00:00_NUM	2000	16	9
0 00:00_NUM	2001	8	4
0 00:00_NUM	2002	26	19
0 00:00_NUM	2003	26	13
0 00:00_NUM	2004	21	9
0 00:00_NUM	2005	14	12
0 00:00_NUM	2006	4	4
0 00:00_NUM	2007	16	9
0 00:00_NUM	2008	13	9
0 0101_NUM	1824	2	1
0 0101_NUM	1854	1	1
0 0101_NUM	1865	1	1
0 0101_NUM	1874	2	2
0 0101_NUM	1879	1	1
0 0101_NUM	1884	2	2
0 0101_NUM	1885	1	1
0 0101_NUM	1887	1	1
0 0101_NUM	1891	2	2
0 0101_NUM	1893	1	1
0 0101_NUM	1894	3	2
0 0101_NUM	1896	1	1
0 0101_NUM	1899	1	1
0 0101_NUM	1904	1	1
0 0101_NUM	1905	1	1
0 0101_NUM	1911	3	3
0 0101_NUM	1912	2	1
0 0101_NUM	1914	1	1
0 0101_NUM	1915	8	4
0 0101_NUM	1917	2	2
0 0101_NUM	1920	2	2
0 0101_NUM	1922	3	3
0 0101_NUM	1923	3	3
0 0101_NUM	1924	2	2
0 0101_NUM	1925	1	1
0 0101_NUM	1926	1	1
0 0101_NUM	1927	2	1
0 0101_NUM	1928	6	5
0 0101_NUM	1929	19	7
0 0101_NUM	1931	10	4
0 0101_NUM	1932	1	1
0 0101_NUM	1933	1	1
0 0101_NUM	1934	2	2
0 0101_NUM	1935	4	4
0 0101_NUM	1936	7	7
0 0101_NUM	1937	4	1
0 0101_NUM	1938	19	6
0 0101_NUM	1939	1	1
0 0101_NUM	1940	2	2
0 0101_NUM	1941	4	4
0 0101_NUM	1942	4	4
0 0101_NUM	1943	12	5
0 0101_NUM	1944	7	5
0 0101_NUM	1947	2	2
0 0101_NUM	1948	5	5
0 0101_NUM	1949	7	2
0 0101_NUM	1950	6	6
0 0101_NUM	1951	4	3
0 0101_NUM	1952	4	4
0 0101_NUM	1953	4	3
0 0101_NUM	1954	2	2
0 0101_NUM	1955	2	2
0 0101_NUM	1956	1	1
0 0101_NUM	1957	6	6
0 0101_NUM	1958	2	2
0 0101_NUM	1959	5	3
0 0101_NUM	1960	9	9
0 0101_NUM	1961	6	5
0 0101_NUM	1962	12	8
0 0101_NUM	1963	22	17
0 0101_NUM	1964	17	14
0 0101_NUM	1965	16	12
0 0101_NUM	1966	7	4
0 0101_NUM	1967	7	6
0 0101_NUM	1968	5	5
0 0101_NUM	1969	24	23
0 0101_NUM	1970	11	10
0 0101_NUM	1971	13	11
0 0101_NUM	1972	15	9
0 0101_NUM	1973	22	17
0 0101_NUM	1974	19	12
0 0101_NUM	1975	50	23
0 0101_NUM	1976	20	18
0 0101_NUM	1977	13	11
0 0101_NUM	1978	31	22
0 0101_NUM	1979	24	16
0 0101_NUM	1980	26	22
0 0101_NUM	1981	24	18
0 0101_NUM	1982	21	11
0 0101_NUM	1983	47	21
0 0101_NUM	1984	17	16
0 0101_NUM	1985	37	29
0 0101_NUM	1986	36	22
0 0101_NUM	1987	24	15
0 0101_NUM	1988	62	21
0 0101_NUM	1989	22	16
0 0101_NUM	1990	27	16
0 0101_NUM	1991	26	20
0 0101_NUM	1992	18	17
0 0101_NUM	1993	40	19
0 0101_NUM	1994	30	20
0 0101_NUM	1995	21	16
0 0101_NUM	1996	22	20
0 0101_NUM	1997	29	23
0 0101_NUM	1998	35	25
0 0101_NUM	1999	17	16
0 0101_NUM	2000	39	30
0 0101_NUM	2001	33	26
0 0101_NUM	2002	27	22
0 0101_NUM	2003	28	23
0 0101_NUM	2004	37	26
0 0101_NUM	2005	44	33
0 0101_NUM	2006	24	23
0 0101_NUM	2007	56	37
0 0101_NUM	2008	47	36
0 0137	1868	1	1
0 0137	1873	1	1
0 0137	1874	3	3
0 0137	1877	1	1
0 0137	1878	1	1
0 0137	1880	1	1
0 0137	1886	1	1
0 0137	1893	2	2
0 0137	1894	1	1
0 0137	1898	1	1
0 0137	1899	1	1
0 0137	1902	1	1
0 0137	1906	4	4
0 0137	1907	1	1
0 0137	1909	1	1
0 0137	1910	3	3
0 0137	1912	2	2
0 0137	1913	1	1
0 0137	1914	2	2
0 0137	1915	3	3
0 0137	1916	2	2
0 0137	1919	1	1
0 0137	1920	3	3
0 0137	1921	1	1
0 0137	1922	3	3
0 0137	1924	4	4
0 0137	1926	1	1
0 0137	1927	1	1
0 0137	1928	1	1
0 0137	1929	6	4
0 0137	1930	4	4
0 0137	1931	2	1
0 0137	1932	1	1
0 0137	1934	2	2
0 0137	1937	7	4
0 0137	1938	4	3
0 0137	1939	2	2
0 0137	1942	6	3
0 0137	1943	7	4
0 0137	1948	2	2
0 0137	1949	2	2
0 0137	1950	5	4
0 0137	1951	3	3
0 0137	1952	1	1
0 0137	1953	3	3
0 0137	1954	1	1
0 0137	1955	1	1
0 0137	1957	1	1
0 0137	1958	1	1
0 0137	1961	1	1
0 0137	1962	6	4
0 0137	1963	1	1
0 0137	1964	1	1
0 0137	1966	2	1
0 0137	1967	1	1
0 0137	1968	1	1
0 0137	1969	2	2
0 0137	1970	1	1
0 0137	1971	2	2
0 0137	1972	3	2
0 0137	1973	3	2
0 0137	1974	3	3
0 0137	1975	2	2
0 0137	1976	4	4
0 0137	1977	1	1
0 0137	1978	4	4
0 0137	1979	2	2
0 0137	1980	5	3
0 0137	1981	2	2
0 0137	1982	2	2
0 0137	1983	20	4
0 0137	1984	4	4
0 0137	1985	1	1
0 0137	1986	3	3
0 0137	1987	5	5
0 0137	1988	6	5
0 0137	1989	5	5
0 0137	1990	1	1
0 0137	1991	5	3
0 0137	1992	4	3
0 0137	1993	2	2
0 0137	1994	1	1
0 0137	1995	1	1
0 0137	1996	3	3
0 0137	1997	2	2
0 0137	1998	2	1
0 0137	1999	2	2
0 0137	2000	1	1
0 0137	2001	7	3
0 0137	2002	1	1
0 0137	2003	1	1
0 0137	2004	2	2
0 0137	2005	3	3
0 0137	2006	2	2
0 0137	2007	3	3
0 0137	2008	1	1
0 01_	1806	1	1
0 01_	1879	1	1
0 01_	1889	1	1
0 01_	1894	2	2
0 01_	1897	1	1
0 01_	1902	1	1
0 01_	1904	3	2
0 01_	1909	1	1
0 01_	1916	1	1
0 01_	1919	2	2
0 01_	1920	1	1
0 01_	1952	1	1
0 01_	1958	2	2
0 01_	1962	1	1
0 01_	1963	2	1
0 01_	1964	1	1
0 01_	1965	1	1
0 01_	1966	3	3
0 01_	1968	1	1
0 01_	1969	2	2
0 01_	1970	3	3
0 01_	1973	1	1
0 01_	1975	1	1
0 01_	1978	3	3
0 01_	1979	1	1
0 01_	1980	1	1
0 01_	1981	4	2
0 01_	1982	2	2
0 01_	1983	1	1
0 01_	1987	1	1
0 01_	1988	1	1
0 01_	1991	1	1
0 01_	1992	3	3
0 01_	1993	1	1
0 01_	1995	1	1
0 01_	1998	3	3
0 01_	1999	2	1
0 01_	2002	1	1
0 01_	2003	1	1
0 01_	2004	1	1
0 01_	2006	2	2
0 01_	2007	1	1
0 03_ADJ	1874	1	1
0 03_ADJ	1887	1	1
0 03_ADJ	1890	1	1
0 03_ADJ	1903	1	1
0 03_ADJ	1907	1	1
0 03_ADJ	1913	1	1
0 03_ADJ	1940	1	1
0 03_ADJ	1950	1	1
0 03_ADJ	1951	2	2
0 03_ADJ	1953	2	2
0 03_ADJ	1954	1	1
0 03_ADJ	1955	1	1
0 03_ADJ	1957	1	1
0 03_ADJ	1961	2	2
0 03_ADJ	1963	2	2
0 03_ADJ	1964	3	3
0 03_ADJ	1967	1	1
0 03_ADJ	1968	1	1
0 03_ADJ	1970	1	1
0 03_ADJ	1971	1	1
0 03_ADJ	1973	3	3
0 03_ADJ	1974	3	3
0 03_ADJ	1975	1	1
0 03_ADJ	1976	1	1
0 03_ADJ	1977	1	1
0 03_ADJ	1978	1	1
0 03_ADJ	1979	1	1
0 03_ADJ	1983	2	2
0 03_ADJ	1985	1	1
0 03_ADJ	1987	2	2
0 03_ADJ	1988	2	2
0 03_ADJ	1990	3	3
0 03_ADJ	1991	3	2
0 03_ADJ	1995	1	1
0 03_ADJ	1997	1	1
0 03_ADJ	1998	3	3
0 03_ADJ	1999	2	2
0 03_ADJ	2000	2	2
0 03_ADJ	2002	1	1
0 03_ADJ	2003	3	1
0 03_ADJ	2004	4	2
0 03_ADJ	2006	2	2
0 03_ADJ	2007	1	1
0 03_ADJ	2008	6	2
0 06000_NUM	1866	1	1
0 06000_NUM	1894	1	1
0 06000_NUM	1896	4	2
0 06000_NUM	1899	1	1
0 06000_NUM	1906	1	1
0 06000_NUM	1922	1	1
0 06000_NUM	1933	1	1
0 06000_NUM	1934	1	1
0 06000_NUM	1935	1	1
0 06000_NUM	1938	2	2
0 06000_NUM	1942	1	1
0 06000_NUM	1943	1	1
0 06000_NUM	1944	2	2
0 06000_NUM	1948	1	1
0 06000_NUM	1949	1	1
0 06000_NUM	1950	3	3
0 06000_NUM	1958	2	1
0 06000_NUM	1959	1	1
0 06000_NUM	1960	1	1
0 06000_NUM	1961	5	1
0 06000_NUM	1963	6	2
0 06000_NUM	1964	1	1
0 06000_NUM	1966	3	3
0 06000_NUM	1969	6	6
0 06000_NUM	1970	1	1
0 06000_NUM	1971	1	1
0 06000_NUM	1972	3	3
0 06000_NUM	1973	2	2
0 06000_NUM	1974	7	5
0 06000_NUM	1975	3	2
0 06000_NUM	1976	1	1
0 06000_NUM	1977	1	1
0 06000_NUM	1978	4	4
0 06000_NUM	1979	2	2
0 06000_NUM	1980	3	3
0 06000_NUM	1981	1	1
0 06000_NUM	1982	4	3
0 06000_NUM	1983	5	4
0 06000_NUM	1985	8	2
0 06000_NUM	1986	1	1
0 06000_NUM	1989	1	1
0 06000_NUM	1990	1	1
0 06000_NUM	1992	1	1
0 06000_NUM	1993	3	3
0 06000_NUM	1994	3	3
0 06000_NUM	1995	3	3
0 06000_NUM	1996	3	3
0 06000_NUM	1997	15	5
0 06000_NUM	1999	1	1
0 06000_NUM	2000	1	1
0 06000_NUM	2001	1	1
0 06000_NUM	2002	1	1
0 06000_NUM	2003	1	1
0 06000_NUM	2004	1	1
0 06000_NUM	2005	1	1
0 06000_NUM	2007	1	1
0 06000_NUM	2008	1	1
0 07000	1879	1	1
0 07000	1894	1	1
0 07000	1899	1	1
0 07000	1902	1	1
0 07000	1906	1	1
0 07000	1909	2	2
0 07000	1919	1	1
0 07000	1920	1	1
0 07000	1922	1	1
0 07000	1924	2	2
0 07000	1927	1	1
0 07000	1928	1	1
0 07000	1932	1	1
0 07000	1934	1	1
0 07000	1935	1	1
0 07000	1936	2	2
0 07000	1937	4	4
0 07000	1939	3	3
0 07000	1941	1	1
0 07000	1942	1	1
0 07000	1943	2	2
0 07000	1944	1	1
0 07000	1947	2	2
0 07000	1950	3	3
0 07000	1953	1	1
0 07000	1955	1	1
0 07000	1956	1	1
0 07000	1959	3	3
0 07000	1965	5	5
0 07000	1967	1	1
0 07000	1968	1	1
0 07000	1969	1	1
0 07000	1970	1	1
0 07000	1971	1	1
0 07000	1972	1	1
0 07000	1973	1	1
0 07000	1974	1	1
0 07000	1976	1	1
0 07000	1977	1	1
0 07000	1978	3	3
0 07000	1981	1	1
0 07000	1983	2	2
0 07000	1985	4	4
0 07000	1986	2	2
0 07000	1988	2	2
0 07000	1990	4	4
0 07000	1993	2	1
0 07000	1994	1	1
0 07000	1995	1	1
0 07000	1996	1	1
0 07000	1998	3	2
0 07000	2001	2	1
0 07000	2003	3	3
0 07000	2005	1	1
0 07000	2006	1	1
0 07000	2007	1	1
0 0756_NUM	1908	2	2
0 0756_NUM	1911	1	1
0 0756_NUM	1919	1	1
0 0756_NUM	1920	2	2
0 0756_NUM	1921	3	3
0 0756_NUM	1926	1	1
0 0756_NUM	1931	3	3
0 0756_NUM	1932	1	1
0 0756_NUM	1936	1	1
0 0756_NUM	1940	3	3
0 0756_NUM	1941	1	1
0 0756_NUM	1944	1	1
0 0756_NUM	1945	2	2
0 0756_NUM	1946	1	1
0 0756_NUM	1947	2	2
0 0756_NUM	1950	2	2
0 0756_NUM	1951	1	1
0 0756_NUM	1953	2	2
0 0756_NUM	1954	1	1
0 0756_NUM	1956	1	1
0 0756_NUM	1957	3	2
0 0756_NUM	1958	2	2
0 0756_NUM	1960	1	1
0 0756_NUM	1961	1	1
0 0756_NUM	1962	4	1
0 0756_NUM	1964	5	4
0 0756_NUM	1965	1	1
0 0756_NUM	1966	2	2
0 0756_NUM	1967	1	1
0 0756_NUM	1968	2	2
0 0756_NUM	1969	1	1
0 0756_NUM	1970	1	1
0 0756_NUM	1974	1	1
0 0756_NUM	1979	1	1
0 0756_NUM	1980	1	1
0 0756_NUM	1985	2	2
0 0756_NUM	1987	1	1
0 0756_NUM	1988	2	2
0 0756_NUM	1991	1	1
0 0756_NUM	1994	5	5
0 0756_NUM	1996	1	1
0 0756_NUM	1997	1	1
0 0756_NUM	1999	1	1
0 0756_NUM	2001	4	2
0 0756_NUM	2002	2	2
0 0756_NUM	2004	1	1
0 0756_NUM	2007	2	2
0 0756_NUM	2008	1	1
0 0853_NUM	1885	1	1
0 0853_NUM	1886	1	1
0 0853_NUM	1888	1	1
0 0853_NUM	1902	3	3
0 0853_NUM	1910	2	2
0 0853_NUM	1924	1	1
0 0853_NUM	1928	2	2
0 0853_NUM	1938	1	1
0 0853_NUM	1941	1	1
0 0853_NUM	1943	2	2
0 0853_NUM	1945	2	2
0 0853_NUM	1946	3	3
0 0853_NUM	1950	1	1
0 0853_NUM	1954	3	3
0 0853_NUM	1960	3	3
0 0853_NUM	1962	3	2
0 0853_NUM	1963	4	3
0 0853_NUM	1964	2	2
0 0853_NUM	1968	1	1
0 0853_NUM	1970	1	1
0 0853_NUM	1973	1	1
0 0853_NUM	1974	2	2
0 0853_NUM	1980	2	2
0 0853_NUM	1981	1	1
0 0853_NUM	1982	2	2
0 0853_NUM	1984	1	1
0 0853_NUM	1985	4	4
0 0853_NUM	1986	1	1
0 0853_NUM	1987	2	2
0 0853_NUM	1988	1	1
0 0853_NUM	1989	1	1
0 0853_NUM	1990	3	1
0 0853_NUM	1991	2	2
0 0853_NUM	1992	1	1
0 0853_NUM	1993	3	3
0 0853_NUM	1994	1	1
0 0853_NUM	2000	2	1
0 0853_NUM	2003	1	1
0 0853_NUM	2005	4	4
0 0853_NUM	2007	1	1
0 0853_NUM	2008	1	1
0 0962	1914	3	3
0 0962	1915	1	1
0 0962	1916	1	1
0 0962	1919	2	2
0 0962	1920	1	1
0 0962	1922	1	1
0 0962	1923	2	2
0 0962	1924	1	1
0 0962	1928	4	4
0 0962	1929	2	2
0 0962	1930	1	1
0 0962	1931	1	1
0 0962	1932	2	2
0 0962	1934	3	3
0 0962	1936	5	3
0 0962	1937	2	2
0 0962	1938	2	2
0 0962	1941	2	1
0 0962	1943	1	1
0 0962	1948	5	3
0 0962	1950	1	1
0 0962	1951	1	1
0 0962	1958	1	1
0 0962	1962	3	2
0 0962	1964	1	1
0 0962	1965	1	1
0 0962	1968	1	1
0 0962	1969	1	1
0 0962	1975	1	1
0 0962	1976	1	1
0 0962	1978	1	1
0 0962	1979	1	1
0 0962	1980	1	1
0 0962	1981	1	1
0 0962	1983	2	2
0 0962	1985	1	1
0 0962	1990	8	3
0 0962	1991	2	2
0 0962	1992	1	1
0 0962	1994	2	2
0 0962	1998	1	1
0 0962	2000	1	1
0 0962	2001	2	2
0 0962	2003	1	1
0 0962	2006	1	1
0 0962	2007	2	2
0 0962	2008	1	1
0 1,217_NUM	1834	3	3
0 1,217_NUM	1845	1	1
0 1,217_NUM	1861	1	1
0 1,217_NUM	1870	1	1
0 1,217_NUM	1871	1	1
0 1,217_NUM	1916	1	1
0 1,217_NUM	1920	1	1
0 1,217_NUM	1935	1	1
0 1,217_NUM	1939	1	1
0 1,217_NUM	1960	2	2
0 1,217_NUM	1965	1	1
0 1,217_NUM	1969	2	2
0 1,217_NUM	1975	1	1
0 1,217_NUM	1978	2	2
0 1,217_NUM	1981	1	1
0 1,217_NUM	1983	1	1
0 1,217_NUM	1985	2	2
0 1,217_NUM	1991	1	1
0 1,217_NUM	1993	4	4
0 1,217_NUM	1995	1	1
0 1,217_NUM	1996	1	1
0 1,217_NUM	1997	1	1
0 1,217_NUM	1998	3	3
0 1,217_NUM	2000	2	2
0 1,217_NUM	2003	2	2
0 1,217_NUM	2004	14	7
0 1,217_NUM	2005	11	7
0 1,217_NUM	2006	1	1
0 1,217_NUM	2007	4	3
0 1,217_NUM	2008	2	1
0 1,264	1823	1	1
0 1,264	1839	2	2
0 1,264	1847	1	1
0 1,264	1870	2	1
0 1,264	1893	1	1
0 1,264	1910	1	1
0 1,264	1916	2	2
0 1,264	1920	1	1
0 1,264	1929	1	1
0 1,264	1953	3	3
0 1,264	1961	4	4
0 1,264	1964	3	3
0 1,264	1970	2	2
0 1,264	1982	1	1
0 1,264	1986	5	5
0 1,264	1988	1	1
0 1,264	1989	1	1
0 1,264	1991	1	1
0 1,264	1992	1	1
0 1,264	1994	1	1
0 1,264	1998	3	3
0 1,264	1999	1	1
0 1,264	2000	1	1
0 1,264	2003	1	1
0 1,264	2004	15	8
0 1,264	2005	8	4
0 1,264	2006	5	5
0 1,264	2007	1	1
0 1,264	2008	1	1
0 1,304	1903	1	1
0 1,304	1910	1	1
0 1,304	1930	1	1
0 1,304	1931	1	1
0 1,304	1941	1	1
0 1,304	1955	2	1
0 1,304	1957	3	2
0 1,304	1968	2	2
0 1,304	1972	1	1
0 1,304	1976	3	2
0 1,304	1977	1	1
0 1,304	1979	1	1
0 1,304	1982	1	1
0 1,304	1983	2	2
0 1,304	1987	2	2
0 1,304	1990	1	1
0 1,304	1993	3	3
0 1,304	1994	1	1
0 1,304	1995	3	3
0 1,304	1997	1	1
0 1,304	1998	1	1
0 1,304	1999	1	1
0 1,304	2004	16	9
0 1,304	2005	6	2
0 1,304	2008	2	2
0 1,345_NUM	1853	1	1
0 1,345_NUM	1855	1	1
0 1,345_NUM	1865	1	1
0 1,345_NUM	1870	1	1
0 1,345_NUM	1875	2	2
0 1,345_NUM	1877	1	1
0 1,345_NUM	1923	1	1
0 1,345_NUM	1938	1	1
0 1,345_NUM	1948	1	1
0 1,345_NUM	1950	1	1
0 1,345_NUM	1951	1	1
0 1,345_NUM	1953	1	1
0 1,345_NUM	1959	1	1
0 1,345_NUM	1961	1	1
0 1,345_NUM	1968	2	2
0 1,345_NUM	1969	5	5
0 1,345_NUM	1971	1	1
0 1,345_NUM	1975	1	1
0 1,345_NUM	1981	1	1
0 1,345_NUM	1982	1	1
0 1,345_NUM	1985	1	1
0 1,345_NUM	1987	1	1
0 1,345_NUM	1989	1	1
0 1,345_NUM	1994	2	2
0 1,345_NUM	1996	2	2
0 1,345_NUM	1998	2	2
0 1,345_NUM	1999	2	2
0 1,345_NUM	2000	2	2
0 1,345_NUM	2003	1	1
0 1,345_NUM	2007	4	3
0 1,345_NUM	2008	9	7
0 10000.0_NUM	1824	1	1
0 10000.0_NUM	1913	1	1
0 10000.0_NUM	1919	1	1
0 10000.0_NUM	1920	1	1
0 10000.0_NUM	1922	1	1
0 10000.0_NUM	1926	1	1
0 10000.0_NUM	1930	1	1
0 10000.0_NUM	1934	1	1
0 10000.0_NUM	1947	1	1
0 10000.0_NUM	1970	1	1
0 10000.0_NUM	1972	1	1
0 10000.0_NUM	1973	1	1
0 10000.0_NUM	1974	2	2
0 10000.0_NUM	1976	1	1
0 10000.0_NUM	1978	2	1
0 10000.0_NUM	1980	2	2
0 10000.0_NUM	1982	2	1
0 10000.0_NUM	1983	2	2
0 10000.0_NUM	1985	2	2
0 10000.0_NUM	1986	1	1
0 10000.0_NUM	1987	1	1
0 10000.0_NUM	1988	2	1
0 10000.0_NUM	1991	1	1
0 10000.0_NUM	1992	4	1
0 10000.0_NUM	1993	2	2
0 10000.0_NUM	1995	1	1
0 10000.0_NUM	1997	2	1
0 10000.0_NUM	1998	3	3
0 10000.0_NUM	2000	1	1
0 10000.0_NUM	2001	1	1
0 10000.0_NUM	2002	1	1
0 10000.0_NUM	2003	1	1
0 10000.0_NUM	2004	3	2
0 10000.0_NUM	2005	3	3
0 10000.0_NUM	2008	5	2
0 102.4	1899	1	1
0 102.4	1913	3	2
0 102.4	1914	1	1
0 102.4	1920	1	1
0 102.4	1922	2	2
0 102.4	1932	1	1
0 102.4	1936	1	1
0 102.4	1943	1	1
0 102.4	1947	3	3
0 102.4	1948	1	1
0 102.4	1949	1	1
0 102.4	1951	2	2
0 102.4	1954	1	1
0 102.4	1964	1	1
0 102.4	1965	3	2
0 102.4	1966	2	2
0 102.4	1970	1	1
0 102.4	1971	4	1
0 102.4	1972	1	1
0 102.4	1974	4	4
0 102.4	1976	1	1
0 102.4	1979	2	2
0 102.4	1982	3	3
0 102.4	1984	1	1
0 102.4	1985	1	1
0 102.4	1986	1	1
0 102.4	1988	2	2
0 102.4	1990	2	2
0 102.4	1991	3	2
0 102.4	1992	1	1
0 102.4	1996	3	2
0 102.4	2000	1	1
0 102.4	2001	1	1
0 102.4	2002	1	1
0 102.4	2005	1	1
0 102.4	2006	2	1
0 102.4	2008	1	1
0 1048_NUM	1811	2	2
0 1048_NUM	1818	2	2
0 1048_NUM	1821	3	3
0 1048_NUM	1825	1	1
0 1048_NUM	1830	1	1
0 1048_NUM	1840	3	3
0 1048_NUM	1842	2	2
0 1048_NUM	1843	1	1
0 1048_NUM	1852	1	1
0 1048_NUM	1857	2	2
0 1048_NUM	1867	1	1
0 1048_NUM	1877	2	2
0 1048_NUM	1878	1	1
0 1048_NUM	1884	1	1
0 1048_NUM	1889	1	1
0 1048_NUM	1912	2	1
0 1048_NUM	1922	1	1
0 1048_NUM	1923	1	1
0 1048_NUM	1924	1	1
0 1048_NUM	1928	2	2
0 1048_NUM	1933	2	2
0 1048_NUM	1934	1	1
0 1048_NUM	1935	1	1
0 1048_NUM	1936	1	1
0 1048_NUM	1937	1	1
0 1048_NUM	1941	6	3
0 1048_NUM	1949	2	1
0 1048_NUM	1953	1	1
0 1048_NUM	1961	2	2
0 1048_NUM	1962	1	1
0 1048_NUM	1963	1	1
0 1048_NUM	1964	3	1
0 1048_NUM	1966	4	4
0 1048_NUM	1967	1	1
0 1048_NUM	1969	1	1
0 1048_NUM	1973	2	2
0 1048_NUM	1977	2	2
0 1048_NUM	1978	1	1
0 1048_NUM	1979	5	3
0 1048_NUM	1980	2	2
0 1048_NUM	1981	2	1
0 1048_NUM	1982	3	2
0 1048_NUM	1983	3	3
0 1048_NUM	1985	4	4
0 1048_NUM	1987	4	4
0 1048_NUM	1988	1	1
0 1048_NUM	1989	14	7
0 1048_NUM	1990	5	5
0 1048_NUM	1992	10	5
0 1048_NUM	1994	2	2
0 1048_NUM	1995	3	2
0 1048_NUM	1996	4	4
0 1048_NUM	1997	3	3
0 1048_NUM	1998	5	5
0 1048_NUM	1999	2	2
0 1048_NUM	2000	2	2
0 1048_NUM	2001	3	3
0 1048_NUM	2002	6	6
0 1048_NUM	2003	3	3
0 1048_NUM	2004	3	3
0 1048_NUM	2005	2	2
0 1048_NUM	2006	3	3
0 1048_NUM	2007	4	4
0 1048_NUM	2008	3	3
0 1064	1833	1	1
0 1064	1841	2	2
0 1064	1848	2	2
0 1064	1849	3	3
0 1064	1860	2	2
0 1064	1867	1	1
0 1064	1877	1	1
0 1064	1886	1	1
0 1064	1888	1	1
0 1064	1902	3	3
0 1064	1905	2	2
0 1064	1912	3	3
0 1064	1916	1	1
0 1064	1918	1	1
0 1064	1921	1	1
0 1064	1922	2	2
0 1064	1923	2	2
0 1064	1924	1	1
0 1064	1926	2	2
0 1064	1928	3	3
0 1064	1930	1	1
0 1064	1931	1	1
0 1064	1932	2	2
0 1064	1936	1	1
0 1064	1940	1	1
0 1064	1941	3	2
0 1064	1944	1	1
0 1064	1948	2	2
0 1064	1951	1	1
0 1064	1953	1	1
0 1064	1954	9	3
0 1064	1956	1	1
0 1064	1959	6	6
0 1064	1960	1	1
0 1064	1961	1	1
0 1064	1962	3	3
0 1064	1963	5	4
0 1064	1964	3	3
0 1064	1967	1	1
0 1064	1968	5	5
0 1064	1969	4	4
0 1064	1971	1	1
0 1064	1972	1	1
0 1064	1974	1	1
0 1064	1976	1	1
0 1064	1977	3	3
0 1064	1978	2	2
0 1064	1979	1	1
0 1064	1980	4	4
0 1064	1981	6	5
0 1064	1982	4	4
0 1064	1983	2	2
0 1064	1984	1	1
0 1064	1985	2	2
0 1064	1986	7	5
0 1064	1987	2	2
0 1064	1988	3	3
0 1064	1989	7	6
0 1064	1990	8	4
0 1064	1991	54	5
0 1064	1992	14	9
0 1064	1993	6	6
0 1064	1994	2	2
0 1064	1995	3	3
0 1064	1996	6	6
0 1064	1998	6	3
0 1064	1999	6	3
0 1064	2000	2	2
0 1064	2001	3	3
0 1064	2002	3	3
0 1064	2003	4	4
0 1064	2004	2	2
0 1064	2005	19	7
0 1064	2006	7	7
0 1064	2007	2	2
0 1064	2008	4	4
0 11111111	1931	1	1
0 11111111	1941	1	1
0 11111111	1942	1	1
0 11111111	1952	3	3
0 11111111	1954	1	1
0 11111111	1961	3	2
0 11111111	1963	3	3
0 11111111	1964	2	2
0 11111111	1966	1	1
0 11111111	1967	1	1
0 11111111	1968	2	2
0 11111111	1969	3	3
0 11111111	1971	7	5
0 11111111	1973	3	2
0 11111111	1974	2	2
0 11111111	1975	1	1
0 11111111	1976	2	2
0 11111111	1977	1	1
0 11111111	1978	5	5
0 11111111	1979	20	7
0 11111111	1980	3	3
0 11111111	1981	9	5
0 11111111	1982	2	2
0 11111111	1984	8	8
0 11111111	1985	3	3
0 11111111	1986	51	9
0 11111111	1987	3	3
0 11111111	1988	4	3
0 11111111	1989	4	4
0 11111111	1990	12	9
0 11111111	1991	2	2
0 11111111	1992	3	3
0 11111111	1993	13	11
0 11111111	1994	16	10
0 11111111	1995	4	4
0 11111111	1996	4	4
0 11111111	1997	6	6
0 11111111	1998	9	7
0 11111111	1999	6	5
0 11111111	2000	11	9
0 11111111	2001	9	5
0 11111111	2002	17	9
0 11111111	2003	30	13
0 11111111	2004	11	5
0 11111111	2005	6	6
0 11111111	2006	8	8
0 11111111	2007	21	11
0 11111111	2008	13	10
0 12.8_NUM	1823	2	1
0 12.8_NUM	1832	1	1
0 12.8_NUM	1855	2	2
0 12.8_NUM	1865	1	1
0 12.8_NUM	1866	1	1
0 12.8_NUM	1891	2	2
0 12.8_NUM	1892	1	1
0 12.8_NUM	1895	5	5
0 12.8_NUM	1896	2	2
0 12.8_NUM	1897	2	2
0 12.8_NUM	1900	1	1
0 12.8_NUM	1902	2	2
0 12.8_NUM	1904	3	3
0 12.8_NUM	1905	4	4
0 12.8_NUM	1906	4	3
0 12.8_NUM	1907	3	3
0 12.8_NUM	1908	8	7
0 12.8_NUM	1909	5	5
0 12.8_NUM	1910	1	1
0 12.8_NUM	1911	3	3
0 12.8_NUM	1912	4	4
0 12.8_NUM	1913	7	6
0 12.8_NUM	1915	4	4
0 12.8_NUM	1916	11	11
0 12.8_NUM	1918	6	6
0 12.8_NUM	1919	2	2
0 12.8_NUM	1920	4	4
0 12.8_NUM	1921	4	4
0 12.8_NUM	1922	10	10
0 12.8_NUM	1923	5	4
0 12.8_NUM	1924	2	2
0 12.8_NUM	1925	2	2
0 12.8_NUM	1926	9	8
0 12.8_NUM	1927	5	4
0 12.8_NUM	1928	6	6
0 12.8_NUM	1929	5	5
0 12.8_NUM	1930	4	3
0 12.8_NUM	1931	1	1
0 12.8_NUM	1932	67	9
0 12.8_NUM	1933	11	9
0 12.8_NUM	1934	1	1
0 12.8_NUM	1935	5	5
0 12.8_NUM	1936	5	4
0 12.8_NUM	1937	10	10
0 12.8_NUM	1938	6	6
0 12.8_NUM	1939	4	4
0 12.8_NUM	1940	6	6
0 12.8_NUM	1941	4	3
0 12.8_NUM	1942	2	2
0 12.8_NUM	1943	12	11
0 12.8_NUM	1944	5	5
0 12.8_NUM	1945	5	5
0 12.8_NUM	1946	7	6
0 12.8_NUM	1947	8	8
0 12.8_NUM	1948	5	5
0 12.8_NUM	1949	5	5
0 12.8_NUM	1950	4	4
0 12.8_NUM	1951	4	4
0 12.8_NUM	1952	5	5
0 12.8_NUM	1953	8	8
0 12.8_NUM	1954	2	2
0 12.8_NUM	1955	6	6
0 12.8_NUM	1956	8	7
0 12.8_NUM	1957	6	5
0 12.8_NUM	1958	7	6
0 12.8_NUM	1959	12	12
0 12.8_NUM	1960	8	8
0 12.8_NUM	1961	10	10
0 12.8_NUM	1962	14	11
0 12.8_NUM	1963	10	9
0 12.8_NUM	1964	12	12
0 12.8_NUM	1965	17	17
0 12.8_NUM	1966	7	7
0 12.8_NUM	1967	19	19
0 12.8_NUM	1968	18	16
0 12.8_NUM	1969	21	19
0 12.8_NUM	1970	16	14
0 12.8_NUM	1971	17	17
0 12.8_NUM	1972	20	19
0 12.8_NUM	1973	27	22
0 12.8_NUM	1974	15	9
0 12.8_NUM	1975	10	9
0 12.8_NUM	1976	23	20
0 12.8_NUM	1977	17	14
0 12.8_NUM	1978	14	13
0 12.8_NUM	1979	16	16
0 12.8_NUM	1980	11	11
0 12.8_NUM	1981	16	16
0 12.8_NUM	1982	18	18
0 12.8_NUM	1983	16	14
0 12.8_NUM	1984	25	21
0 12.8_NUM	1985	19	13
0 12.8_NUM	1986	33	24
0 12.8_NUM	1987	16	16
0 12.8_NUM	1988	13	13
0 12.8_NUM	1989	11	10
0 12.8_NUM	1990	14	13
0 12.8_NUM	1991	30	18
0 12.8_NUM	1992	19	16
0 12.8_NUM	1993	55	25
0 12.8_NUM	1994	32	16
0 12.8_NUM	1995	22	20
0 12.8_NUM	1996	34	32
0 12.8_NUM	1997	18	17
0 12.8_NUM	1998	19	12
0 12.8_NUM	1999	24	23
0 12.8_NUM	2000	22	20
0 12.8_NUM	2001	36	32
0 12.8_NUM	2002	31	25
0 12.8_NUM	2003	37	24
0 12.8_NUM	2004	30	24
0 12.8_NUM	2005	21	20
0 12.8_NUM	2006	36	24
0 12.8_NUM	2007	30	25
0 12.8_NUM	2008	21	19
0 13.62	1776	2	2
0 13.62	1805	1	1
0 13.62	1823	1	1
0 13.62	1837	1	1
0 13.62	1901	1	1
0 13.62	1915	1	1
0 13.62	1930	1	1
0 13.62	1934	1	1
0 13.62	1948	1	1
0 13.62	1949	1	1
0 13.62	1954	1	1
0 13.62	1955	1	1
0 13.62	1958	1	1
0 13.62	1962	2	2
0 13.62	1965	1	1
0 13.62	1969	1	1
0 13.62	1972	1	1
0 13.62	1973	1	1
0 13.62	1977	1	1
0 13.62	1980	2	1
0 13.62	1981	1	1
0 13.62	1989	2	2
0 13.62	1990	3	3
0 13.62	1992	2	2
0 13.62	1993	1	1
0 13.62	1996	1	1
0 13.62	1997	2	2
0 13.62	1998	1	1
0 13.62	1999	1	1
0 13.62	2000	2	2
0 13.62	2002	4	2
0 13.62	2004	1	1
0 13.62	2007	2	2
0 1306	1811	1	1
0 1306	1833	2	2
0 1306	1856	1	1
0 1306	1863	1	1
0 1306	1866	2	2
0 1306	1867	1	1
0 1306	1876	2	2
0 1306	1877	1	1
0 1306	1878	1	1
0 1306	1879	1	1
0 1306	1880	1	1
0 1306	1881	1	1
0 1306	1889	1	1
0 1306	1895	1	1
0 1306	1896	2	2
0 1306	1898	2	2
0 1306	1904	1	1
0 1306	1907	2	2
0 1306	1908	1	1
0 1306	1910	1	1
0 1306	1916	1	1
0 1306	1917	1	1
0 1306	1920	4	4
0 1306	1921	1	1
0 1306	1924	1	1
0 1306	1929	1	1
0 1306	1937	6	6
0 1306	1941	3	2
0 1306	1948	1	1
0 1306	1950	1	1
0 1306	1951	1	1
0 1306	1952	1	1
0 1306	1954	1	1
0 1306	1955	2	2
0 1306	1957	1	1
0 1306	1960	2	2
0 1306	1962	1	1
0 1306	1963	1	1
0 1306	1964	3	2
0 1306	1965	1	1
0 1306	1967	1	1
0 1306	1968	1	1
0 1306	1969	1	1
0 1306	1970	2	2
0 1306	1973	2	2
0 1306	1974	1	1
0 1306	1975	2	2
0 1306	1978	2	2
0 1306	1980	7	7
0 1306	1981	2	2
0 1306	1982	2	2
0 1306	1983	5	4
0 1306	1984	1	1
0 1306	1986	1	1
0 1306	1987	2	2
0 1306	1988	1	1
0 1306	1989	3	3
0 1306	1990	1	1
0 1306	1992	3	3
0 1306	1993	2	2
0 1306	1994	4	3
0 1306	1995	17	4
0 1306	1996	2	2
0 1306	1997	2	2
0 1306	1998	1	1
0 1306	1999	3	3
0 1306	2000	3	3
0 1306	2001	2	2
0 1306	2002	2	2
0 1306	2003	3	3
0 1306	2004	3	2
0 1306	2005	3	3
0 1306	2006	2	2
0 1306	2007	5	5
0 1306	2008	5	5
0 1313	1788	1	1
0 1313	1797	1	1
0 1313	1814	1	1
0 1313	1817	1	1
0 1313	1819	1	1
0 1313	1826	1	1
0 1313	1866	5	4
0 1313	1874	1	1
0 1313	1890	1	1
0 1313	1891	1	1
0 1313	1895	2	2
0 1313	1897	1	1
0 1313	1908	1	1
0 1313	1913	1	1
0 1313	1914	1	1
0 1313	1920	5	4
0 1313	1921	2	2
0 1313	1923	2	2
0 1313	1930	1	1
0 1313	1936	1	1
0 1313	1939	1	1
0 1313	1940	1	1
0 1313	1941	3	3
0 1313	1944	2	2
0 1313	1948	2	2
0 1313	1950	1	1
0 1313	1956	1	1
0 1313	1957	2	2
0 1313	1958	2	2
0 1313	1961	2	2
0 1313	1962	1	1
0 1313	1964	1	1
0 1313	1965	2	2
0 1313	1966	3	2
0 1313	1968	1	1
0 1313	1969	1	1
0 1313	1970	4	4
0 1313	1971	5	4
0 1313	1972	1	1
0 1313	1974	1	1
0 1313	1975	2	2
0 1313	1976	1	1
0 1313	1979	1	1
0 1313	1980	1	1
0 1313	1981	2	2
0 1313	1982	2	2
0 1313	1983	7	3
0 1313	1984	1	1
0 1313	1985	18	2
0 1313	1986	1	1
0 1313	1987	1	1
0 1313	1988	1	1
0 1313	1989	2	2
0 1313	1990	3	3
0 1313	1991	2	2
0 1313	1992	1	1
0 1313	1993	1	1
0 1313	1994	1	1
0 1313	1996	4	4
0 1313	1997	2	2
0 1313	1998	2	2
0 1313	1999	2	2
0 1313	2000	3	3
0 1313	2002	7	6
0 1313	2003	3	3
0 1313	2004	2	2
0 1313	2005	2	2
0 1313	2006	2	2
0 1313	2007	8	2
0 1313	2008	3	3
0 140-149	1915	6	6
0 140-149	1921	1	1
0 140-149	1922	2	2
0 140-149	1924	21	3
0 140-149	1925	2	2
0 140-149	1929	4	4
0 140-149	1930	1	1
0 140-149	1933	1	1
0 140-149	1935	1	1
0 140-149	1940	2	2
0 140-149	1941	1	1
0 140-149	1945	1	1
0 140-149	1949	1	1
0 140-149	1953	3	1
0 140-149	1956	3	3
0 140-149	1958	1	1
0 140-149	1962	2	2
0 140-149	1965	1	1
0 140-149	1967	1	1
0 140-149	1969	4	4
0 140-149	1974	1	1
0 140-149	1976	1	1
0 140-149	1977	2	2
0 140-149	1985	1	1
0 140-149	1987	1	1
0 140-149	1988	2	2
0 140-149	2002	1	1
0 140-149	2003	2	2
0 140-149	2006	1	1
0 148_NUM	1797	2	2
0 148_NUM	1799	1	1
0 148_NUM	1805	1	1
0 148_NUM	1806	1	1
0 148_NUM	1816	1	1
0 148_NUM	1817	1	1
0 148_NUM	1818	4	4
0 148_NUM	1819	1	1
0 148_NUM	1820	1	1
0 148_NUM	1821	1	1
0 148_NUM	1822	6	3
0 148_NUM	1823	2	2
0 148_NUM	1824	5	4
0 148_NUM	1825	3	2
0 148_NUM	1826	2	2
0 148_NUM	1827	2	1
0 148_NUM	1828	1	1
0 148_NUM	1829	1	1
0 148_NUM	1830	5	4
0 148_NUM	1832	8	4
0 148_NUM	1834	5	5
0 148_NUM	1836	2	2
0 148_NUM	1837	3	3
0 148_NUM	1838	4	4
0 148_NUM	1839	7	3
0 148_NUM	1842	3	3
0 148_NUM	1845	24	4
0 148_NUM	1846	1	1
0 148_NUM	1848	2	2
0 148_NUM	1849	5	5
0 148_NUM	1850	5	5
0 148_NUM	1851	3	3
0 148_NUM	1852	5	5
0 148_NUM	1853	3	3
0 148_NUM	1854	2	2
0 148_NUM	1856	8	6
0 148_NUM	1858	1	1
0 148_NUM	1859	6	6
0 148_NUM	1860	5	5
0 148_NUM	1863	4	4
0 148_NUM	1864	1	1
0 148_NUM	1865	1	1
0 148_NUM	1866	3	3
0 148_NUM	1867	6	3
0 148_NUM	1868	5	4
0 148_NUM	1869	8	4
0 148_NUM	1870	9	2
0 148_NUM	1871	7	6
0 148_NUM	1873	4	4
0 148_NUM	1874	6	6
0 148_NUM	1875	11	8
0 148_NUM	1876	2	2
0 148_NUM	1877	2	2
0 148_NUM	1878	2	2
0 148_NUM	1880	1	1
0 148_NUM	1881	3	3
0 148_NUM	1882	4	4
0 148_NUM	1884	3	3
0 148_NUM	1886	2	2
0 148_NUM	1888	4	4
0 148_NUM	1889	5	3
0 148_NUM	1890	2	2
0 148_NUM	1891	6	5
0 148_NUM	1892	2	1
0 148_NUM	1893	7	7
0 148_NUM	1894	7	6
0 148_NUM	1895	2	2
0 148_NUM	1896	8	7
0 148_NUM	1897	9	9
0 148_NUM	1898	9	5
0 148_NUM	1899	3	3
0 148_NUM	1900	5	5
0 148_NUM	1902	4	4
0 148_NUM	1903	3	3
0 148_NUM	1904	6	5
0 148_NUM	1905	6	4
0 148_NUM	1906	1	1
0 148_NUM	1907	11	11
0 148_NUM	1908	4	4
0 148_NUM	1909	12	10
0 148_NUM	1910	11	10
0 148_NUM	1911	7	7
0 148_NUM	1912	9	7
0 148_NUM	1913	7	7
0 148_NUM	1914	8	8
0 148_NUM	1915	31	21
0 148_NUM	1916	2	2
0 148_NUM	1917	11	7
0 148_NUM	1918	14	11
0 148_NUM	1919	13	10
0 148_NUM	1920	12	12
0 148_NUM	1921	30	21
0 148_NUM	1922	16	16
0 148_NUM	1923	5	4
0 148_NUM	1924	16	13
0 148_NUM	1925	18	14
0 148_NUM	1926	41	17
0 148_NUM	1927	14	12
0 148_NUM	1928	10	9
0 148_NUM	1929	13	9
0 148_NUM	1930	26	17
0 148_NUM	1931	16	15
0 148_NUM	1932	13	11
0 148_NUM	1933	7	7
0 148_NUM	1934	10	10
0 148_NUM	1935	16	13
0 148_NUM	1936	12	12
0 148_NUM	1937	14	9
0 148_NUM	1938	7	7
0 148_NUM	1939	12	10
0 148_NUM	1940	15	13
0 148_NUM	1941	14	11
0 148_NUM	1942	20	12
0 148_NUM	1943	15	14
0 148_NUM	1944	20	15
0 148_NUM	1945	10	7
0 148_NUM	1946	17	17
0 148_NUM	1947	17	14
0 148_NUM	1948	27	20
0 148_NUM	1949	18	15
0 148_NUM	1950	30	25
0 148_NUM	1951	35	22
0 148_NUM	1952	18	11
0 148_NUM	1953	20	13
0 148_NUM	1954	19	16
0 148_NUM	1955	13	12
0 148_NUM	1956	23	22
0 148_NUM	1957	12	10
0 148_NUM	1958	35	31
0 148_NUM	1959	28	26
0 148_NUM	1960	23	18
0 148_NUM	1961	29	23
0 148_NUM	1962	31	26
0 148_NUM	1963	36	32
0 148_NUM	1964	31	19
0 148_NUM	1965	18	18
0 148_NUM	1966	29	24
0 148_NUM	1967	37	25
0 148_NUM	1968	29	28
0 148_NUM	1969	29	27
0 148_NUM	1970	26	25
0 148_NUM	1971	29	28
0 148_NUM	1972	37	35
0 148_NUM	1973	27	25
0 148_NUM	1974	27	25
0 148_NUM	1975	26	22
0 148_NUM	1976	47	39
0 148_NUM	1977	44	39
0 148_NUM	1978	45	37
0 148_NUM	1979	43	39
0 148_NUM	1980	50	42
0 148_NUM	1981	31	30
0 148_NUM	1982	54	44
0 148_NUM	1983	44	37
0 148_NUM	1984	47	30
0 148_NUM	1985	46	34
0 148_NUM	1986	58	48
0 148_NUM	1987	65	51
0 148_NUM	1988	71	52
0 148_NUM	1989	69	49
0 148_NUM	1990	68	62
0 148_NUM	1991	53	46
0 148_NUM	1992	54	45
0 148_NUM	1993	48	45
0 148_NUM	1994	76	65
0 148_NUM	1995	59	54
0 148_NUM	1996	56	44
0 148_NUM	1997	74	64
0 148_NUM	1998	59	51
0 148_NUM	1999	96	76
0 148_NUM	2000	97	70
0 148_NUM	2001	63	54
0 148_NUM	2002	103	79
0 148_NUM	2003	113	77
0 148_NUM	2004	114	80
0 148_NUM	2005	87	69
0 148_NUM	2006	110	94
0 148_NUM	2007	104	89
0 148_NUM	2008	93	79
0 1490	1840	1	1
0 1490	1843	1	1
0 1490	1850	1	1
0 1490	1877	1	1
0 1490	1880	1	1
0 1490	1882	2	2
0 1490	1887	1	1
0 1490	1890	1	1
0 1490	1891	1	1
0 1490	1896	3	2
0 1490	1898	3	1
0 1490	1899	2	2
0 1490	1900	1	1
0 1490	1901	1	1
0 1490	1902	2	1
0 1490	1903	1	1
0 1490	1912	1	1
0 1490	1915	2	2
0 1490	1917	8	5
0 1490	1918	4	4
0 1490	1920	1	1
0 1490	1922	1	1
0 1490	1923	4	3
0 1490	1924	1	1
0 1490	1926	1	1
0 1490	1927	4	4
0 1490	1928	1	1
0 1490	1929	2	2
0 1490	1930	2	2
0 1490	1931	3	3
0 1490	1932	1	1
0 1490	1935	1	1
0 1490	1936	2	2
0 1490	1937	1	1
0 1490	1941	5	5
0 1490	1942	2	2
0 1490	1943	2	2
0 1490	1945	1	1
0 1490	1948	3	3
0 1490	1951	1	1
0 1490	1956	1	1
0 1490	1958	1	1
0 1490	1960	5	2
0 1490	1961	4	4
0 1490	1962	1	1
0 1490	1964	1	1
0 1490	1966	1	1
0 1490	1967	2	2
0 1490	1968	3	3
0 1490	1969	4	2
0 1490	1970	1	1
0 1490	1972	3	3
0 1490	1973	1	1
0 1490	1976	6	5
0 1490	1977	2	2
0 1490	1978	1	1
0 1490	1979	2	2
0 1490	1980	2	2
0 1490	1981	5	5
0 1490	1982	5	4
0 1490	1983	4	4
0 1490	1984	2	2
0 1490	1985	3	3
0 1490	1986	5	5
0 1490	1987	2	2
0 1490	1988	9	8
0 1490	1989	6	5
0 1490	1990	3	3
0 1490	1991	10	2
0 1490	1992	7	5
0 1490	1993	3	3
0 1490	1994	4	4
0 1490	1995	1	1
0 1490	1996	3	3
0 1490	1997	5	4
0 1490	1999	2	2
0 1490	2000	4	4
0 1490	2001	4	4
0 1490	2002	6	6
0 1490	2003	2	2
0 1490	2004	8	6
0 1490	2005	3	3
0 1490	2006	6	6
0 1490	2007	8	7
0 1490	2008	5	5
0 15,906	1862	1	1
0 15,906	1864	2	2
0 15,906	1865	1	1
0 15,906	1866	3	3
0 15,906	1868	1	1
0 15,906	1871	1	1
0 15,906	1872	1	1
0 15,906	1873	1	1
0 15,906	1874	1	1
0 15,906	1877	1	1
0 15,906	1878	2	2
0 15,906	1880	2	2
0 15,906	1881	1	1
0 15,906	1882	1	1
0 15,906	1883	1	1
0 15,906	1884	1	1
0 15,906	1885	1	1
0 15,906	1888	1	1
0 15,906	1892	1	1
0 15,906	1893	1	1
0 15,906	1894	1	1
0 15,906	1895	1	1
0 15,906	1896	5	5
0 15,906	1899	7	7
0 15,906	1901	1	1
0 15,906	1902	1	1
0 15,906	1904	3	3
0 15,906	1905	1	1
0 15,906	1909	5	5
0 15,906	1911	1	1
0 15,906	1915	1	1
0 15,906	1917	1	1
0 15,906	1920	1	1
0 15,906	1926	1	1
0 15,906	1961	1	1
0 15,906	1963	2	2
0 15,906	1965	3	3
0 15,906	1971	1	1
0 15,906	1989	1	1
0 15,906	1996	1	1
0 15,906	1999	2	2
0 15,906	2004	2	2
0 17.0	1818	1	1
0 17.0	1824	1	1
0 17.0	1839	1	1
0 17.0	1848	1	1
0 17.0	1855	3	2
0 17.0	1865	2	1
0 17.0	1868	1	1
0 17.0	1872	2	1
0 17.0	1884	1	1
0 17.0	1891	2	2
0 17.0	1893	1	1
0 17.0	1896	1	1
0 17.0	1897	1	1
0 17.0	1899	1	1
0 17.0	1900	1	1
0 17.0	1901	1	1
0 17.0	1902	2	2
0 17.0	1903	2	2
0 17.0	1904	11	8
0 17.0	1905	2	2
0 17.0	1906	11	8
0 17.0	1907	4	3
0 17.0	1908	10	8
0 17.0	1909	4	4
0 17.0	1910	4	4
0 17.0	1911	4	4
0 17.0	1912	8	7
0 17.0	1913	4	2
0 17.0	1914	5	5
0 17.0	1915	10	9
0 17.0	1916	3	2
0 17.0	1917	10	8
0 17.0	1918	6	6
0 17.0	1919	2	2
0 17.0	1920	13	11
0 17.0	1921	15	13
0 17.0	1922	10	8
0 17.0	1923	10	9
0 17.0	1924	5	5
0 17.0	1925	7	7
0 17.0	1926	9	8
0 17.0	1927	9	8
0 17.0	1928	11	10
0 17.0	1929	7	7
0 17.0	1930	10	9
0 17.0	1931	6	6
0 17.0	1932	11	8
0 17.0	1933	12	9
0 17.0	1934	7	7
0 17.0	1935	8	8
0 17.0	1936	7	7
0 17.0	1937	8	7
0 17.0	1938	7	7
0 17.0	1939	5	5
0 17.0	1940	9	7
0 17.0	1941	8	8
0 17.0	1942	3	3
0 17.0	1943	7	6
0 17.0	1944	14	9
0 17.0	1945	4	4
0 17.0	1947	7	6
0 17.0	1948	11	11
0 17.0	1949	3	3
0 17.0	1950	12	11
0 17.0	1951	8	8
0 17.0	1952	4	4
0 17.0	1953	9	7
0 17.0	1954	2	2
0 17.0	1955	9	8
0 17.0	1956	19	12
0 17.0	1957	9	8
0 17.0	1958	15	13
0 17.0	1959	9	9
0 17.0	1960	19	16
0 17.0	1961	15	11
0 17.0	1962	12	11
0 17.0	1963	9	9
0 17.0	1964	15	14
0 17.0	1965	16	12
0 17.0	1966	18	17
0 17.0	1967	26	24
0 17.0	1968	24	23
0 17.0	1969	22	15
0 17.0	1970	33	21
0 17.0	1971	29	28
0 17.0	1972	27	22
0 17.0	1973	18	17
0 17.0	1974	19	18
0 17.0	1975	21	19
0 17.0	1976	18	18
0 17.0	1977	24	20
0 17.0	1978	20	19
0 17.0	1979	47	28
0 17.0	1980	18	18
0 17.0	1981	27	17
0 17.0	1982	27	25
0 17.0	1983	35	23
0 17.0	1984	16	13
0 17.0	1985	32	28
0 17.0	1986	32	27
0 17.0	1987	27	25
0 17.0	1988	35	33
0 17.0	1989	53	25
0 17.0	1990	30	26
0 17.0	1991	54	33
0 17.0	1992	23	22
0 17.0	1993	30	20
0 17.0	1994	26	23
0 17.0	1995	20	20
0 17.0	1996	42	27
0 17.0	1997	33	25
0 17.0	1998	28	21
0 17.0	1999	38	20
0 17.0	2000	36	28
0 17.0	2001	16	16
0 17.0	2002	14	14
0 17.0	2003	42	29
0 17.0	2004	23	21
0 17.0	2005	36	23
0 17.0	2006	24	24
0 17.0	2007	27	21
0 17.0	2008	30	28
0 1755_NUM	1795	1	1
0 1755_NUM	1797	1	1
0 1755_NUM	1805	1	1
0 1755_NUM	1806	1	1
0 1755_NUM	1808	1	1
0 1755_NUM	1811	1	1
0 1755_NUM	1813	1	1
0 1755_NUM	1814	2	2
0 1755_NUM	1817	5	3
0 1755_NUM	1818	2	2
0 1755_NUM	1820	3	3
0 1755_NUM	1823	1	1
0 1755_NUM	1824	5	5
0 1755_NUM	1827	2	2
0 1755_NUM	1828	1	1
0 1755_NUM	1830	3	3
0 1755_NUM	1832	1	1
0 1755_NUM	1833	1	1
0 1755_NUM	1834	2	2
0 1755_NUM	1837	4	4
0 1755_NUM	1840	3	3
0 1755_NUM	1841	1	1
0 1755_NUM	1843	2	2
0 1755_NUM	1844	1	1
0 1755_NUM	1849	1	1
0 1755_NUM	1850	2	2
0 1755_NUM	1851	2	2
0 1755_NUM	1852	1	1
0 1755_NUM	1856	2	2
0 1755_NUM	1859	2	2
0 1755_NUM	1861	2	2
0 1755_NUM	1866	6	2
0 1755_NUM	1868	1	1
0 1755_NUM	1882	3	3
0 1755_NUM	1883	3	3
0 1755_NUM	1889	1	1
0 1755_NUM	1892	4	4
0 1755_NUM	1894	2	2
0 1755_NUM	1896	1	1
0 1755_NUM	1901	3	3
0 1755_NUM	1902	2	1
0 1755_NUM	1903	2	1
0 1755_NUM	1904	1	1
0 1755_NUM	1905	1	1
0 1755_NUM	1907	2	2
0 1755_NUM	1908	2	2
0 1755_NUM	1909	1	1
0 1755_NUM	1912	1	1
0 1755_NUM	1913	5	4
0 1755_NUM	1917	1	1
0 1755_NUM	1920	2	1
0 1755_NUM	1923	1	1
0 1755_NUM	1924	1	1
0 1755_NUM	1935	6	2
0 1755_NUM	1936	1	1
0 1755_NUM	1937	1	1
0 1755_NUM	1943	1	1
0 1755_NUM	1950	1	1
0 1755_NUM	1951	1	1
0 1755_NUM	1952	3	3
0 1755_NUM	1957	1	1
0 1755_NUM	1959	5	5
0 1755_NUM	1960	1	1
0 1755_NUM	1961	3	2
0 1755_NUM	1962	2	2
0 1755_NUM	1966	3	3
0 1755_NUM	1967	1	1
0 1755_NUM	1968	1	1
0 1755_NUM	1969	9	4
0 1755_NUM	1970	1	1
0 1755_NUM	1971	2	2
0 1755_NUM	1972	1	1
0 1755_NUM	1976	2	2
0 1755_NUM	1979	1	1
0 1755_NUM	1980	4	4
